X.shape: (650, 2)
Mean distances:  [2061.0824034576153, 688.2921573670901, 340.15210059187746, 206.63491023450598, 156.613138283856, 117.03094616406031, 96.43900029368572, 81.1641439759983, 66.81391868921054, 57.913981069434755]
Mean distances (siloette):  ([0.5002996036603052, 0.46467366827245987, 0.5078802647327243, 0.43057503621199616, 0.38763168373225826, 0.3786260173120362, 0.36056424656151487, 0.3426146290560974, 0.3297829445981363], 0.5078802647327243)
Random centroids: [[-1.40039209 -2.75287814]
 [-1.63504004 -2.59016237]
 [ 2.26881985  0.83999591]]
Closest centroids: [2, 2, 2, 2, 2, 2, 2, 2, 2, 2]
Next centroids: [[-0.52555543 -2.61409225]
 [-3.77584338 -1.83022158]
 [ 2.83673723 -0.03476791]]
Final centroids: [[-1.78766936 -1.54395138]
 [-5.31097327 -2.7087451 ]
 [ 2.92388133 -0.10237201]]
Clusters points: [-2.85012507 -0.77129955] [-5.73089369 -0.18855257] [2.94553639 0.67430807]
